810
77
777
109
548
739
659
36
182
819
310
417
61
802
708
556
382
152
600
179
358
34
726
92
506
665
978
247
412
113
117
375
512
214
109
512
270
367
469
961
617
489
126
392
102
732
395
309
492
217
435
154
123
641
354
86
840
414
934
241
538
858
27
9
981
626
222
717
346
203
667
734
249
982
22
354
722
691
792
419
209
848
309
503
236
317
788
833
664
988
924
527
863
403
725
329
319
504
508
42
657
189
344
961
105
602
744
393
520
323
378
499
816
115
116
484
92
486
368
994
691
787
45
557
895
337
398
879
598
813
976
770
762
366
10
433
458
867
667
587
53
108
72
10
982
292
569
299
209
584
254
307
327
371
312
856
977
544
406
970
408
932
375
742
465
656
190
763
813
964
713
358
768
123
836
803
561
698
14
860
849
606
929
83
646
974
706
661
998
942
22
808
635
820
526
859
174
123
464
15
547
382
507
463
250
400
883
355
375
673
107
570
931
376
845
427
909
370
493
278
821
915
302
752
50
192
780
643
939
589
986
520
747
981
91
332
634
535
371
372
253
906
105
666
106
309
398
356
397
789
778
983
129
752
895
235
760
325
657
828
659
60
140
932
379
140
18
348
886
377
423
168
641
228
226
785
889
676
874
651
444
387
26
599
573
889
176
346
184
731
869
486
390
285
664
601
846
213
153
969
92
765
909
360
610
899
585
72
780
189
299
877
891
308
940
291
496
803
244
311
986
696
280
878
113
760
596
218
799
534
155
574
68
115
992
753
420
769
684
400
726
27
888
4
67
846
934
774
186
137
188
401
545
828
379
421
601
328
712
943
923
225
357
447
554
932
879
567
67
34
462
579
343
92
974
697
321
483
747
166
996
925
993
13
93
878
434
356
552
639
611
754
114
166
236
373
588
76
615
831
41
378
325
609
616
498
364
808
753
319
120
308
314
206
366
598
137
267
297
350
397
831
506
427
275
452
288
230
110
471
973
6
676
331
508
934
800
811
588
828
118
791
308
981
158
66
901
396
489
424
129
767
924
493
495
390
130
375
885
117
163
963
730
659
917
626
172
218
867
875
857
986
204
953
448
809
796
258
789
395
130
340
290
18
215
436
390
27
945
524
701
461
734
833
627
2
947
657
275
784
911
752
556
698
893
623
554
256
757
661
753
651
395
582
412
234
377
912
987
569
689
767
893
634
289
813
373
16
555
46
713
696
638
819
828
998
275
671
77
764
57
14
479
751
361
951
90
85
217
757
959
943
959
981
193
468
234
508
647
846
199
289
572
47
521
423
642
508
129
398
241
111
365
580
54
294
175
52
702
525
936
654
761
888
419
928
370
32
485
726
906
454
475
144
105
664
391
744
174
297
296
479
826
609
347
172
463
963
37
70
123
358
309
699
532
174
462
966
431
550
910
429
321
589
252
602
317
627
356
900
279
844
26
767
237
742
491
440
222
977
191
242
318
285
129
374
298
185
585
437
322
828
485
795
873
254
529
110
889
384
980
571
458
626
345
851
842
586
450
62
951
63
792
721
565
547
782
381
944
776
245
330
520
562
217
334
871
659
849
323
974
325
484
140
505
37
893
239
998
868
125
717
469
905
682
320
111
737
189
136
34
712
639
196
111
820
781
817
394
521
13
811
512
127
702
752
231
359
749
470
141
906
924
865
413
795
278
78
695
67
5
222
784
747
282
589
539
557
766
608
268
710
603
723
608
334
237
746
659
742
641
540
92
951
966
416
528
404
551
528
23
726
661
255
176
790
165
483
38
922
391
953
861
68
949
490
59
807
654
760
343
746
516
752
747
708
102
762
525
338
381
311
627
895
567
10
36
596
392
404
33
181
197
429
548
588
489
489
904
405
593
996
892
266
490
57
241
906
598
943
516
106
858
886
715
336
96
190
358
86
789
425
783
194
342
569
751
247
77
920
481
333
821
90
993
563
482
934
272
413
712
394
381
906
23
169
210
852
83
199
783
900
112
555
881
926
261
823
271
648
469
440
43
274
537
496
101
760
780
480
260
758
587
776
6
488
964
124
788
492
386
19
228
718
449
420
738
674
920
968
18
798
991
548
719
389
492
433
261
37
927
30
343
138
701
166
824
41
598
874
341
655
84
942
269
62
184
753
592
518
16
83
756
834
281
209
958
792
866
906
55
903
941
377
250
215
922
316
821
397
549
755
372
236
883
774
452
64
608
218
57
90
446
543
802
338
62
590
364
352
131
951
937
92
980
627
31
525
174
212
404
758
237
905
876
666
545
9
624
279